{
 "cells": [
  {
   "cell_type": "markdown",
   "metadata": {},
   "source": [
    "# IBM Data Science Professional Certificate\n",
    "## Captsone project\n",
    "This notebook will be used for the various assignments of the Coptsone project of IBM Data Science Professional Certificate on Coursera. It will use the Belgian road accident database between 2005 and 2019 to build an accident severity predictors algorithm."
   ]
  },
  {
   "cell_type": "code",
   "execution_count": 33,
   "metadata": {},
   "outputs": [],
   "source": [
    "import pandas as pd\n",
    "import numpy as np\n",
    "import seaborn as sns"
   ]
  },
  {
   "cell_type": "markdown",
   "metadata": {},
   "source": [
    "## Data importing & cleaning"
   ]
  },
  {
   "cell_type": "code",
   "execution_count": 34,
   "metadata": {},
   "outputs": [],
   "source": [
    "#Loading full dataset\n",
    "df_full = pd.read_csv('data/Belgium_Road_Accident.csv')"
   ]
  },
  {
   "cell_type": "code",
   "execution_count": 35,
   "metadata": {},
   "outputs": [],
   "source": [
    "#Keeping only the interesting columns\n",
    "df = df_full[['DT_DAY','DT_HOUR','CD_DAY_OF_WEEK','CD_BUILD_UP_AREA',\\\n",
    "              'CD_VICT_TYPE','CD_ROAD_USER_TYPE','CD_AGE_CLS','CD_SEX',\\\n",
    "              'CD_ROAD_TYPE','CD_LIGHT_COND',\\\n",
    "              'TX_MUNTY_DESCR_FR',\\\n",
    "              'MS_SLY_INJ','MS_SERLY_INJ','MS_DEAD_30_DAYS']].copy()\n",
    "\n",
    "#Renaming the columns for convenience\n",
    "df.columns = ['Day','Hour','DOW','Area','Victim','Vehicle','Age','Sex',\\\n",
    "                    'Road','Light','City','Slight','Severe','Death']\n",
    "\n",
    "#Convcerting date into month\n",
    "df['Day'] = pd.DatetimeIndex(df['Day']).month\n",
    "df.rename(columns={'Day':'Month'}, inplace=True)\n",
    "#Converting city into categories\n",
    "codes = df['City'].astype('category').cat.codes\n",
    "df.loc[:,'City']=codes\n",
    "\n",
    "original = df.shape[0]"
   ]
  },
  {
   "cell_type": "code",
   "execution_count": 36,
   "metadata": {},
   "outputs": [
    {
     "name": "stdout",
     "output_type": "stream",
     "text": [
      "13% of the entries have been removed due to incomplete data.\n",
      "734301 entries remain for analysis\n"
     ]
    }
   ],
   "source": [
    "#Removing entires with missing infomration\n",
    "df.drop(df[df['Hour']==99].index,inplace=True)\n",
    "df.drop(df[df['Area']==9].index,inplace=True)\n",
    "df.drop(df[df['Area']==0].index,inplace=True)\n",
    "df.drop(df[df['Victim']==9].index,inplace=True)\n",
    "df.drop(df[df['Vehicle']==99].index,inplace=True)\n",
    "df.drop(df[df['Age']==999].index,inplace=True)\n",
    "df.drop(df[df['Sex']==9].index,inplace=True)\n",
    "df.drop(df[df['Road']==9].index,inplace=True)\n",
    "df.drop(df[df['Light']==0].index,inplace=True)\n",
    "df.drop(df[df['Light']==9].index,inplace=True)\n",
    "\n",
    "#Light type 5 is means that street light was present but nto turned on ==> assimilated to type 4, street light no present\n",
    "df.loc[df[df['Light']==5].index,'Light'] = 4\n",
    "\n",
    "removed = (original - df.shape[0])/original\n",
    "print(str(round(removed * 100))+'% of the entries have been removed due to incomplete data.')\n",
    "print(str(df.shape[0])+' entries remain for analysis')"
   ]
  },
  {
   "cell_type": "code",
   "execution_count": 37,
   "metadata": {},
   "outputs": [],
   "source": [
    "#Creating accident severity columns:\n",
    "    #If only slightly injured, severity = 1\n",
    "    #If at least 1 severly injured, severity = 2\n",
    "    #If at least 1 death, severity = 3\n",
    "df['sev'] = 0\n",
    "df.loc[df['Severe']>0,'sev'] = 1\n",
    "df.loc[df['Death']>0,'sev'] = 2\n"
   ]
  },
  {
   "cell_type": "code",
   "execution_count": 38,
   "metadata": {},
   "outputs": [],
   "source": [
    "#Define catergory (translation from the raw data)\n",
    "Month = ['Jan','Feb','March','Apr','May','Jun','Jul','Aug','Sep','Oct','Nov','Dec']\n",
    "Hour = ['0','1','2','3','4','5','6','7','8','9','10','11','12','13','14','15','16','17','18','19','20','21','22','23']\n",
    "DOW = ['Monday','Tuseday','Wednesday','Thursday','Friday','Saturday','Sunday']\n",
    "Area = ['In_city','Out_city']\n",
    "Victim = ['Driver','Passenger','Pedestrian','Other','Cyclist','Motorcyclist','Moped_rider']\n",
    "Age = ['0to4','5to9','10to14','15to19','20to24','25to29','30to34','35to39','40to44','45to49',\\\n",
    "      '50to54','55to59','60to64','65to69','70to74','75more']\n",
    "Sex = ['Male','Female']\n",
    "Road = ['Highway','Main_road','Secondary_road']\n",
    "Light = ['Daylight','Sunrise_sunset','Night_LightOn','Night_LightOFF']\n"
   ]
  },
  {
   "cell_type": "markdown",
   "metadata": {},
   "source": [
    "## Data analysis"
   ]
  },
  {
   "cell_type": "code",
   "execution_count": 39,
   "metadata": {},
   "outputs": [],
   "source": [
    "from matplotlib import pyplot as plt"
   ]
  },
  {
   "cell_type": "code",
   "execution_count": 40,
   "metadata": {},
   "outputs": [
    {
     "data": {
      "text/html": [
       "<div>\n",
       "<style scoped>\n",
       "    .dataframe tbody tr th:only-of-type {\n",
       "        vertical-align: middle;\n",
       "    }\n",
       "\n",
       "    .dataframe tbody tr th {\n",
       "        vertical-align: top;\n",
       "    }\n",
       "\n",
       "    .dataframe thead th {\n",
       "        text-align: right;\n",
       "    }\n",
       "</style>\n",
       "<table border=\"1\" class=\"dataframe\">\n",
       "  <thead>\n",
       "    <tr style=\"text-align: right;\">\n",
       "      <th></th>\n",
       "      <th>Month</th>\n",
       "      <th>Hour</th>\n",
       "      <th>DOW</th>\n",
       "      <th>Area</th>\n",
       "      <th>Victim</th>\n",
       "      <th>Vehicle</th>\n",
       "      <th>Age</th>\n",
       "      <th>Sex</th>\n",
       "      <th>Road</th>\n",
       "      <th>Light</th>\n",
       "      <th>City</th>\n",
       "      <th>Slight</th>\n",
       "      <th>Severe</th>\n",
       "      <th>Death</th>\n",
       "      <th>sev</th>\n",
       "    </tr>\n",
       "  </thead>\n",
       "  <tbody>\n",
       "    <tr>\n",
       "      <th>count</th>\n",
       "      <td>734301.000000</td>\n",
       "      <td>734301.000000</td>\n",
       "      <td>734301.000000</td>\n",
       "      <td>734301.000000</td>\n",
       "      <td>734301.000000</td>\n",
       "      <td>734301.000000</td>\n",
       "      <td>734301.000000</td>\n",
       "      <td>734301.000000</td>\n",
       "      <td>734301.000000</td>\n",
       "      <td>734301.000000</td>\n",
       "      <td>734301.000000</td>\n",
       "      <td>734301.000000</td>\n",
       "      <td>734301.000000</td>\n",
       "      <td>734301.000000</td>\n",
       "      <td>734301.000000</td>\n",
       "    </tr>\n",
       "    <tr>\n",
       "      <th>mean</th>\n",
       "      <td>6.634590</td>\n",
       "      <td>13.269757</td>\n",
       "      <td>4.013632</td>\n",
       "      <td>1.461620</td>\n",
       "      <td>2.701937</td>\n",
       "      <td>7.651223</td>\n",
       "      <td>7.879148</td>\n",
       "      <td>1.414842</td>\n",
       "      <td>2.306102</td>\n",
       "      <td>1.613156</td>\n",
       "      <td>272.170451</td>\n",
       "      <td>0.908999</td>\n",
       "      <td>0.092692</td>\n",
       "      <td>0.015648</td>\n",
       "      <td>0.123003</td>\n",
       "    </tr>\n",
       "    <tr>\n",
       "      <th>std</th>\n",
       "      <td>3.357199</td>\n",
       "      <td>5.521180</td>\n",
       "      <td>1.962270</td>\n",
       "      <td>0.498525</td>\n",
       "      <td>2.043087</td>\n",
       "      <td>8.240797</td>\n",
       "      <td>3.635202</td>\n",
       "      <td>0.492695</td>\n",
       "      <td>0.633486</td>\n",
       "      <td>0.945822</td>\n",
       "      <td>179.033655</td>\n",
       "      <td>0.346251</td>\n",
       "      <td>0.292428</td>\n",
       "      <td>0.124742</td>\n",
       "      <td>0.372852</td>\n",
       "    </tr>\n",
       "    <tr>\n",
       "      <th>min</th>\n",
       "      <td>1.000000</td>\n",
       "      <td>0.000000</td>\n",
       "      <td>1.000000</td>\n",
       "      <td>1.000000</td>\n",
       "      <td>1.000000</td>\n",
       "      <td>-8.000000</td>\n",
       "      <td>1.000000</td>\n",
       "      <td>1.000000</td>\n",
       "      <td>1.000000</td>\n",
       "      <td>1.000000</td>\n",
       "      <td>0.000000</td>\n",
       "      <td>0.000000</td>\n",
       "      <td>0.000000</td>\n",
       "      <td>0.000000</td>\n",
       "      <td>0.000000</td>\n",
       "    </tr>\n",
       "    <tr>\n",
       "      <th>25%</th>\n",
       "      <td>4.000000</td>\n",
       "      <td>9.000000</td>\n",
       "      <td>2.000000</td>\n",
       "      <td>1.000000</td>\n",
       "      <td>1.000000</td>\n",
       "      <td>1.000000</td>\n",
       "      <td>5.000000</td>\n",
       "      <td>1.000000</td>\n",
       "      <td>2.000000</td>\n",
       "      <td>1.000000</td>\n",
       "      <td>103.000000</td>\n",
       "      <td>1.000000</td>\n",
       "      <td>0.000000</td>\n",
       "      <td>0.000000</td>\n",
       "      <td>0.000000</td>\n",
       "    </tr>\n",
       "    <tr>\n",
       "      <th>50%</th>\n",
       "      <td>7.000000</td>\n",
       "      <td>14.000000</td>\n",
       "      <td>4.000000</td>\n",
       "      <td>1.000000</td>\n",
       "      <td>2.000000</td>\n",
       "      <td>2.000000</td>\n",
       "      <td>7.000000</td>\n",
       "      <td>1.000000</td>\n",
       "      <td>2.000000</td>\n",
       "      <td>1.000000</td>\n",
       "      <td>263.000000</td>\n",
       "      <td>1.000000</td>\n",
       "      <td>0.000000</td>\n",
       "      <td>0.000000</td>\n",
       "      <td>0.000000</td>\n",
       "    </tr>\n",
       "    <tr>\n",
       "      <th>75%</th>\n",
       "      <td>10.000000</td>\n",
       "      <td>17.000000</td>\n",
       "      <td>6.000000</td>\n",
       "      <td>2.000000</td>\n",
       "      <td>5.000000</td>\n",
       "      <td>16.000000</td>\n",
       "      <td>10.000000</td>\n",
       "      <td>2.000000</td>\n",
       "      <td>3.000000</td>\n",
       "      <td>3.000000</td>\n",
       "      <td>423.000000</td>\n",
       "      <td>1.000000</td>\n",
       "      <td>0.000000</td>\n",
       "      <td>0.000000</td>\n",
       "      <td>0.000000</td>\n",
       "    </tr>\n",
       "    <tr>\n",
       "      <th>max</th>\n",
       "      <td>12.000000</td>\n",
       "      <td>23.000000</td>\n",
       "      <td>7.000000</td>\n",
       "      <td>2.000000</td>\n",
       "      <td>7.000000</td>\n",
       "      <td>28.000000</td>\n",
       "      <td>16.000000</td>\n",
       "      <td>2.000000</td>\n",
       "      <td>3.000000</td>\n",
       "      <td>4.000000</td>\n",
       "      <td>595.000000</td>\n",
       "      <td>25.000000</td>\n",
       "      <td>7.000000</td>\n",
       "      <td>3.000000</td>\n",
       "      <td>2.000000</td>\n",
       "    </tr>\n",
       "  </tbody>\n",
       "</table>\n",
       "</div>"
      ],
      "text/plain": [
       "               Month           Hour            DOW           Area  \\\n",
       "count  734301.000000  734301.000000  734301.000000  734301.000000   \n",
       "mean        6.634590      13.269757       4.013632       1.461620   \n",
       "std         3.357199       5.521180       1.962270       0.498525   \n",
       "min         1.000000       0.000000       1.000000       1.000000   \n",
       "25%         4.000000       9.000000       2.000000       1.000000   \n",
       "50%         7.000000      14.000000       4.000000       1.000000   \n",
       "75%        10.000000      17.000000       6.000000       2.000000   \n",
       "max        12.000000      23.000000       7.000000       2.000000   \n",
       "\n",
       "              Victim        Vehicle            Age            Sex  \\\n",
       "count  734301.000000  734301.000000  734301.000000  734301.000000   \n",
       "mean        2.701937       7.651223       7.879148       1.414842   \n",
       "std         2.043087       8.240797       3.635202       0.492695   \n",
       "min         1.000000      -8.000000       1.000000       1.000000   \n",
       "25%         1.000000       1.000000       5.000000       1.000000   \n",
       "50%         2.000000       2.000000       7.000000       1.000000   \n",
       "75%         5.000000      16.000000      10.000000       2.000000   \n",
       "max         7.000000      28.000000      16.000000       2.000000   \n",
       "\n",
       "                Road          Light           City         Slight  \\\n",
       "count  734301.000000  734301.000000  734301.000000  734301.000000   \n",
       "mean        2.306102       1.613156     272.170451       0.908999   \n",
       "std         0.633486       0.945822     179.033655       0.346251   \n",
       "min         1.000000       1.000000       0.000000       0.000000   \n",
       "25%         2.000000       1.000000     103.000000       1.000000   \n",
       "50%         2.000000       1.000000     263.000000       1.000000   \n",
       "75%         3.000000       3.000000     423.000000       1.000000   \n",
       "max         3.000000       4.000000     595.000000      25.000000   \n",
       "\n",
       "              Severe          Death            sev  \n",
       "count  734301.000000  734301.000000  734301.000000  \n",
       "mean        0.092692       0.015648       0.123003  \n",
       "std         0.292428       0.124742       0.372852  \n",
       "min         0.000000       0.000000       0.000000  \n",
       "25%         0.000000       0.000000       0.000000  \n",
       "50%         0.000000       0.000000       0.000000  \n",
       "75%         0.000000       0.000000       0.000000  \n",
       "max         7.000000       3.000000       2.000000  "
      ]
     },
     "execution_count": 40,
     "metadata": {},
     "output_type": "execute_result"
    }
   ],
   "source": [
    "df.describe()"
   ]
  },
  {
   "cell_type": "markdown",
   "metadata": {},
   "source": [
    "Max and min of all feature are within the expected limites (e.g. hour between 0 and 23)"
   ]
  },
  {
   "cell_type": "code",
   "execution_count": 41,
   "metadata": {
    "scrolled": false
   },
   "outputs": [
    {
     "data": {
      "text/html": [
       "<div>\n",
       "<style scoped>\n",
       "    .dataframe tbody tr th:only-of-type {\n",
       "        vertical-align: middle;\n",
       "    }\n",
       "\n",
       "    .dataframe tbody tr th {\n",
       "        vertical-align: top;\n",
       "    }\n",
       "\n",
       "    .dataframe thead th {\n",
       "        text-align: right;\n",
       "    }\n",
       "</style>\n",
       "<table border=\"1\" class=\"dataframe\">\n",
       "  <thead>\n",
       "    <tr style=\"text-align: right;\">\n",
       "      <th></th>\n",
       "      <th>Month</th>\n",
       "      <th>Hour</th>\n",
       "      <th>DOW</th>\n",
       "      <th>Area</th>\n",
       "      <th>Victim</th>\n",
       "      <th>Vehicle</th>\n",
       "      <th>Age</th>\n",
       "      <th>Sex</th>\n",
       "      <th>Road</th>\n",
       "      <th>Light</th>\n",
       "      <th>City</th>\n",
       "      <th>Slight</th>\n",
       "      <th>Severe</th>\n",
       "      <th>Death</th>\n",
       "      <th>sev</th>\n",
       "    </tr>\n",
       "  </thead>\n",
       "  <tbody>\n",
       "    <tr>\n",
       "      <th>Month</th>\n",
       "      <td>1.000000</td>\n",
       "      <td>0.008593</td>\n",
       "      <td>0.001278</td>\n",
       "      <td>-0.005268</td>\n",
       "      <td>0.021377</td>\n",
       "      <td>0.017607</td>\n",
       "      <td>0.003045</td>\n",
       "      <td>0.002532</td>\n",
       "      <td>0.001015</td>\n",
       "      <td>0.055932</td>\n",
       "      <td>-0.001119</td>\n",
       "      <td>0.000526</td>\n",
       "      <td>-0.001378</td>\n",
       "      <td>-0.000554</td>\n",
       "      <td>-0.001441</td>\n",
       "    </tr>\n",
       "    <tr>\n",
       "      <th>Hour</th>\n",
       "      <td>0.008593</td>\n",
       "      <td>1.000000</td>\n",
       "      <td>-0.045781</td>\n",
       "      <td>-0.034605</td>\n",
       "      <td>0.059538</td>\n",
       "      <td>0.048848</td>\n",
       "      <td>0.010885</td>\n",
       "      <td>0.028430</td>\n",
       "      <td>0.037765</td>\n",
       "      <td>-0.025392</td>\n",
       "      <td>-0.006921</td>\n",
       "      <td>0.013775</td>\n",
       "      <td>-0.014414</td>\n",
       "      <td>-0.018244</td>\n",
       "      <td>-0.022516</td>\n",
       "    </tr>\n",
       "    <tr>\n",
       "      <th>DOW</th>\n",
       "      <td>0.001278</td>\n",
       "      <td>-0.045781</td>\n",
       "      <td>1.000000</td>\n",
       "      <td>0.040160</td>\n",
       "      <td>-0.052644</td>\n",
       "      <td>-0.079354</td>\n",
       "      <td>-0.023481</td>\n",
       "      <td>-0.037430</td>\n",
       "      <td>-0.009372</td>\n",
       "      <td>0.119644</td>\n",
       "      <td>0.014160</td>\n",
       "      <td>-0.019703</td>\n",
       "      <td>0.027485</td>\n",
       "      <td>0.015391</td>\n",
       "      <td>0.030934</td>\n",
       "    </tr>\n",
       "    <tr>\n",
       "      <th>Area</th>\n",
       "      <td>-0.005268</td>\n",
       "      <td>-0.034605</td>\n",
       "      <td>0.040160</td>\n",
       "      <td>1.000000</td>\n",
       "      <td>-0.243762</td>\n",
       "      <td>-0.313547</td>\n",
       "      <td>0.016980</td>\n",
       "      <td>-0.025999</td>\n",
       "      <td>-0.387320</td>\n",
       "      <td>0.061952</td>\n",
       "      <td>0.085680</td>\n",
       "      <td>-0.065440</td>\n",
       "      <td>0.065403</td>\n",
       "      <td>0.058207</td>\n",
       "      <td>0.088777</td>\n",
       "    </tr>\n",
       "    <tr>\n",
       "      <th>Victim</th>\n",
       "      <td>0.021377</td>\n",
       "      <td>0.059538</td>\n",
       "      <td>-0.052644</td>\n",
       "      <td>-0.243762</td>\n",
       "      <td>1.000000</td>\n",
       "      <td>0.755312</td>\n",
       "      <td>-0.037485</td>\n",
       "      <td>-0.132046</td>\n",
       "      <td>0.205974</td>\n",
       "      <td>-0.158693</td>\n",
       "      <td>-0.020034</td>\n",
       "      <td>-0.069700</td>\n",
       "      <td>0.069281</td>\n",
       "      <td>-0.004490</td>\n",
       "      <td>0.051968</td>\n",
       "    </tr>\n",
       "    <tr>\n",
       "      <th>Vehicle</th>\n",
       "      <td>0.017607</td>\n",
       "      <td>0.048848</td>\n",
       "      <td>-0.079354</td>\n",
       "      <td>-0.313547</td>\n",
       "      <td>0.755312</td>\n",
       "      <td>1.000000</td>\n",
       "      <td>0.016908</td>\n",
       "      <td>-0.088349</td>\n",
       "      <td>0.245461</td>\n",
       "      <td>-0.165816</td>\n",
       "      <td>-0.028101</td>\n",
       "      <td>-0.084895</td>\n",
       "      <td>0.075946</td>\n",
       "      <td>0.006012</td>\n",
       "      <td>0.064792</td>\n",
       "    </tr>\n",
       "    <tr>\n",
       "      <th>Age</th>\n",
       "      <td>0.003045</td>\n",
       "      <td>0.010885</td>\n",
       "      <td>-0.023481</td>\n",
       "      <td>0.016980</td>\n",
       "      <td>-0.037485</td>\n",
       "      <td>0.016908</td>\n",
       "      <td>1.000000</td>\n",
       "      <td>0.037358</td>\n",
       "      <td>-0.004695</td>\n",
       "      <td>-0.102301</td>\n",
       "      <td>0.010827</td>\n",
       "      <td>-0.100789</td>\n",
       "      <td>0.059263</td>\n",
       "      <td>0.049981</td>\n",
       "      <td>0.081268</td>\n",
       "    </tr>\n",
       "    <tr>\n",
       "      <th>Sex</th>\n",
       "      <td>0.002532</td>\n",
       "      <td>0.028430</td>\n",
       "      <td>-0.037430</td>\n",
       "      <td>-0.025999</td>\n",
       "      <td>-0.132046</td>\n",
       "      <td>-0.088349</td>\n",
       "      <td>0.037358</td>\n",
       "      <td>1.000000</td>\n",
       "      <td>-0.002533</td>\n",
       "      <td>-0.097862</td>\n",
       "      <td>0.002703</td>\n",
       "      <td>0.066645</td>\n",
       "      <td>-0.056144</td>\n",
       "      <td>-0.045613</td>\n",
       "      <td>-0.074007</td>\n",
       "    </tr>\n",
       "    <tr>\n",
       "      <th>Road</th>\n",
       "      <td>0.001015</td>\n",
       "      <td>0.037765</td>\n",
       "      <td>-0.009372</td>\n",
       "      <td>-0.387320</td>\n",
       "      <td>0.205974</td>\n",
       "      <td>0.245461</td>\n",
       "      <td>-0.004695</td>\n",
       "      <td>-0.002533</td>\n",
       "      <td>1.000000</td>\n",
       "      <td>-0.061431</td>\n",
       "      <td>-0.017841</td>\n",
       "      <td>0.011501</td>\n",
       "      <td>-0.010465</td>\n",
       "      <td>-0.032746</td>\n",
       "      <td>-0.028975</td>\n",
       "    </tr>\n",
       "    <tr>\n",
       "      <th>Light</th>\n",
       "      <td>0.055932</td>\n",
       "      <td>-0.025392</td>\n",
       "      <td>0.119644</td>\n",
       "      <td>0.061952</td>\n",
       "      <td>-0.158693</td>\n",
       "      <td>-0.165816</td>\n",
       "      <td>-0.102301</td>\n",
       "      <td>-0.097862</td>\n",
       "      <td>-0.061431</td>\n",
       "      <td>1.000000</td>\n",
       "      <td>0.003307</td>\n",
       "      <td>-0.045795</td>\n",
       "      <td>0.044354</td>\n",
       "      <td>0.048708</td>\n",
       "      <td>0.065758</td>\n",
       "    </tr>\n",
       "    <tr>\n",
       "      <th>City</th>\n",
       "      <td>-0.001119</td>\n",
       "      <td>-0.006921</td>\n",
       "      <td>0.014160</td>\n",
       "      <td>0.085680</td>\n",
       "      <td>-0.020034</td>\n",
       "      <td>-0.028101</td>\n",
       "      <td>0.010827</td>\n",
       "      <td>0.002703</td>\n",
       "      <td>-0.017841</td>\n",
       "      <td>0.003307</td>\n",
       "      <td>1.000000</td>\n",
       "      <td>-0.010055</td>\n",
       "      <td>0.009598</td>\n",
       "      <td>0.008947</td>\n",
       "      <td>0.012934</td>\n",
       "    </tr>\n",
       "    <tr>\n",
       "      <th>Slight</th>\n",
       "      <td>0.000526</td>\n",
       "      <td>0.013775</td>\n",
       "      <td>-0.019703</td>\n",
       "      <td>-0.065440</td>\n",
       "      <td>-0.069700</td>\n",
       "      <td>-0.084895</td>\n",
       "      <td>-0.100789</td>\n",
       "      <td>0.066645</td>\n",
       "      <td>0.011501</td>\n",
       "      <td>-0.045795</td>\n",
       "      <td>-0.010055</td>\n",
       "      <td>1.000000</td>\n",
       "      <td>-0.815504</td>\n",
       "      <td>-0.324769</td>\n",
       "      <td>-0.850939</td>\n",
       "    </tr>\n",
       "    <tr>\n",
       "      <th>Severe</th>\n",
       "      <td>-0.001378</td>\n",
       "      <td>-0.014414</td>\n",
       "      <td>0.027485</td>\n",
       "      <td>0.065403</td>\n",
       "      <td>0.069281</td>\n",
       "      <td>0.075946</td>\n",
       "      <td>0.059263</td>\n",
       "      <td>-0.056144</td>\n",
       "      <td>-0.010465</td>\n",
       "      <td>0.044354</td>\n",
       "      <td>0.009598</td>\n",
       "      <td>-0.815504</td>\n",
       "      <td>1.000000</td>\n",
       "      <td>-0.032966</td>\n",
       "      <td>0.747604</td>\n",
       "    </tr>\n",
       "    <tr>\n",
       "      <th>Death</th>\n",
       "      <td>-0.000554</td>\n",
       "      <td>-0.018244</td>\n",
       "      <td>0.015391</td>\n",
       "      <td>0.058207</td>\n",
       "      <td>-0.004490</td>\n",
       "      <td>0.006012</td>\n",
       "      <td>0.049981</td>\n",
       "      <td>-0.045613</td>\n",
       "      <td>-0.032746</td>\n",
       "      <td>0.048708</td>\n",
       "      <td>0.008947</td>\n",
       "      <td>-0.324769</td>\n",
       "      <td>-0.032966</td>\n",
       "      <td>1.000000</td>\n",
       "      <td>0.631480</td>\n",
       "    </tr>\n",
       "    <tr>\n",
       "      <th>sev</th>\n",
       "      <td>-0.001441</td>\n",
       "      <td>-0.022516</td>\n",
       "      <td>0.030934</td>\n",
       "      <td>0.088777</td>\n",
       "      <td>0.051968</td>\n",
       "      <td>0.064792</td>\n",
       "      <td>0.081268</td>\n",
       "      <td>-0.074007</td>\n",
       "      <td>-0.028975</td>\n",
       "      <td>0.065758</td>\n",
       "      <td>0.012934</td>\n",
       "      <td>-0.850939</td>\n",
       "      <td>0.747604</td>\n",
       "      <td>0.631480</td>\n",
       "      <td>1.000000</td>\n",
       "    </tr>\n",
       "  </tbody>\n",
       "</table>\n",
       "</div>"
      ],
      "text/plain": [
       "            Month      Hour       DOW      Area    Victim   Vehicle       Age  \\\n",
       "Month    1.000000  0.008593  0.001278 -0.005268  0.021377  0.017607  0.003045   \n",
       "Hour     0.008593  1.000000 -0.045781 -0.034605  0.059538  0.048848  0.010885   \n",
       "DOW      0.001278 -0.045781  1.000000  0.040160 -0.052644 -0.079354 -0.023481   \n",
       "Area    -0.005268 -0.034605  0.040160  1.000000 -0.243762 -0.313547  0.016980   \n",
       "Victim   0.021377  0.059538 -0.052644 -0.243762  1.000000  0.755312 -0.037485   \n",
       "Vehicle  0.017607  0.048848 -0.079354 -0.313547  0.755312  1.000000  0.016908   \n",
       "Age      0.003045  0.010885 -0.023481  0.016980 -0.037485  0.016908  1.000000   \n",
       "Sex      0.002532  0.028430 -0.037430 -0.025999 -0.132046 -0.088349  0.037358   \n",
       "Road     0.001015  0.037765 -0.009372 -0.387320  0.205974  0.245461 -0.004695   \n",
       "Light    0.055932 -0.025392  0.119644  0.061952 -0.158693 -0.165816 -0.102301   \n",
       "City    -0.001119 -0.006921  0.014160  0.085680 -0.020034 -0.028101  0.010827   \n",
       "Slight   0.000526  0.013775 -0.019703 -0.065440 -0.069700 -0.084895 -0.100789   \n",
       "Severe  -0.001378 -0.014414  0.027485  0.065403  0.069281  0.075946  0.059263   \n",
       "Death   -0.000554 -0.018244  0.015391  0.058207 -0.004490  0.006012  0.049981   \n",
       "sev     -0.001441 -0.022516  0.030934  0.088777  0.051968  0.064792  0.081268   \n",
       "\n",
       "              Sex      Road     Light      City    Slight    Severe     Death  \\\n",
       "Month    0.002532  0.001015  0.055932 -0.001119  0.000526 -0.001378 -0.000554   \n",
       "Hour     0.028430  0.037765 -0.025392 -0.006921  0.013775 -0.014414 -0.018244   \n",
       "DOW     -0.037430 -0.009372  0.119644  0.014160 -0.019703  0.027485  0.015391   \n",
       "Area    -0.025999 -0.387320  0.061952  0.085680 -0.065440  0.065403  0.058207   \n",
       "Victim  -0.132046  0.205974 -0.158693 -0.020034 -0.069700  0.069281 -0.004490   \n",
       "Vehicle -0.088349  0.245461 -0.165816 -0.028101 -0.084895  0.075946  0.006012   \n",
       "Age      0.037358 -0.004695 -0.102301  0.010827 -0.100789  0.059263  0.049981   \n",
       "Sex      1.000000 -0.002533 -0.097862  0.002703  0.066645 -0.056144 -0.045613   \n",
       "Road    -0.002533  1.000000 -0.061431 -0.017841  0.011501 -0.010465 -0.032746   \n",
       "Light   -0.097862 -0.061431  1.000000  0.003307 -0.045795  0.044354  0.048708   \n",
       "City     0.002703 -0.017841  0.003307  1.000000 -0.010055  0.009598  0.008947   \n",
       "Slight   0.066645  0.011501 -0.045795 -0.010055  1.000000 -0.815504 -0.324769   \n",
       "Severe  -0.056144 -0.010465  0.044354  0.009598 -0.815504  1.000000 -0.032966   \n",
       "Death   -0.045613 -0.032746  0.048708  0.008947 -0.324769 -0.032966  1.000000   \n",
       "sev     -0.074007 -0.028975  0.065758  0.012934 -0.850939  0.747604  0.631480   \n",
       "\n",
       "              sev  \n",
       "Month   -0.001441  \n",
       "Hour    -0.022516  \n",
       "DOW      0.030934  \n",
       "Area     0.088777  \n",
       "Victim   0.051968  \n",
       "Vehicle  0.064792  \n",
       "Age      0.081268  \n",
       "Sex     -0.074007  \n",
       "Road    -0.028975  \n",
       "Light    0.065758  \n",
       "City     0.012934  \n",
       "Slight  -0.850939  \n",
       "Severe   0.747604  \n",
       "Death    0.631480  \n",
       "sev      1.000000  "
      ]
     },
     "execution_count": 41,
     "metadata": {},
     "output_type": "execute_result"
    }
   ],
   "source": [
    "df.corr()"
   ]
  },
  {
   "cell_type": "markdown",
   "metadata": {},
   "source": [
    "The only correlation the appear significant is a 0.755 correlation between vehicule type (car, bike, motorbike,...) and victime type (driver, passenger, pedestrian,...). This is to totally expected and we could consider tropping the \"Vehicle\" feature as it doesn't bring much additional information.\n",
    "Other low correlations can be seen between Area and Vehicle and Area and Road. Agin undestandable as highways and motored vehicle like car and trucks are more frequently found outside cities. However in this case the correlation is small and it is worth keeping all three attributes.\n",
    "Other features seems not correlated at all. It can also"
   ]
  },
  {
   "cell_type": "code",
   "execution_count": 42,
   "metadata": {},
   "outputs": [],
   "source": [
    "df.drop(columns='Vehicle',inplace=True)"
   ]
  },
  {
   "cell_type": "markdown",
   "metadata": {},
   "source": [
    "There is much more accidents where people are only slightly injured. And only a handfull of accident lead to death. This is fortunate for road user, but something to watch out for here. We've an unballenced/skewed dataset and need to be careful about this."
   ]
  },
  {
   "cell_type": "code",
   "execution_count": 43,
   "metadata": {},
   "outputs": [
    {
     "data": {
